0.007992029190063477
0.0029845237731933594
0.0029969215393066406
0.0019981861114501953
0.002996683120727539
0.0030100345611572266
0.002996683120727539
0.003983020782470703
0.002996683120727539
0.0019981861114501953
0.0029964447021484375
0.0029973983764648438
0.002997159957885742
0.001997709274291992
0.0029969215393066406
0.0019981861114501953
0.002996683120727539
0.0019986629486083984
0.003009319305419922
0.0029840469360351562
0.0019974708557128906
0.0029969215393066406
0.003009796142578125
0.0019981861114501953
0.002984285354614258
0.002996683120727539
0.0019981861114501953
0.002997159957885742
0.0029973983764648438
0.001997232437133789
0.0029964447021484375
0.0019989013671875
0.002996683120727539
0.002997159957885742
0.0019969940185546875
0.002997875213623047
0.002997159957885742
0.0019974708557128906
0.002997159957885742
0.001997709274291992
0.002997159957885742
0.0029973983764648438
0.0019969940185546875
0.0029964447021484375
0.0019991397857666016
0.002996206283569336
0.0029981136322021484
0.0019974708557128906
0.0029964447021484375
0.001997709274291992
0.0029976367950439453
0.0029969215393066406
0.0019981861114501953
0.0029969215393066406
0.0029969215393066406
0.001997709274291992
0.0029973983764648438
0.001996755599975586
0.0029976367950439453
0.001998424530029297
0.002996683120727539
0.001996755599975586
0.0029981136322021484
0.002997159957885742
0.0019969940185546875
0.0029973983764648438
0.001997709274291992
0.002996683120727539
0.001998424530029297
0.002996683120727539
0.001998424530029297
0.002997159957885742
0.001997232437133789
0.002996683120727539
0.0019989013671875
0.0029969215393066406
0.002995729446411133
0.0019991397857666016
0.0029959678649902344
0.0019986629486083984
0.002997159957885742
0.001997709274291992
0.0029973983764648438
0.002996683120727539
0.0019974708557128906
0.002997875213623047
0.002996206283569336
0.0019981861114501953
0.002997875213623047
0.0029959678649902344
0.0029969215393066406
0.002996683120727539
0.001998424530029297
0.0029964447021484375
0.002997159957885742
0.001998424530029297
0.002996206283569336
0.0019979476928710938
0.002996683120727539
0.0019986629486083984
0.002996683120727539
0.0019974708557128906
0.0029973983764648438
0.0019979476928710938
0.001998424530029297
0.0029959678649902344
0.0029976367950439453
0.002996206283569336
0.0029981136322021484
0.0029969215393066406
0.001997709274291992
0.002996683120727539
0.0019974708557128906
0.002997875213623047
0.0029964447021484375
0.0019979476928710938
0.0029969215393066406
0.002997159957885742
0.0019981861114501953
0.002996683120727539
0.0019974708557128906
0.0029976367950439453
0.0029969215393066406
0.0019969940185546875
0.0029976367950439453
0.0019986629486083984
0.0030274391174316406
0.0019659996032714844
0.00299835205078125
0.001996755599975586
0.0029973983764648438
0.0019979476928710938
0.002996683120727539
0.0019979476928710938
0.0019981861114501953
0.0029969215393066406
0.001998424530029297
0.0029964447021484375
0.0019986629486083984
0.001996278762817383
0.0029976367950439453
0.0019981861114501953
0.0029969215393066406
0.0019979476928710938
0.002997159957885742
0.001997232437133789
0.0029976367950439453
0.0019989013671875
0.002997159957885742
0.001996755599975586
0.0029973983764648438
0.001997232437133789
0.001998424530029297
0.001997232437133789
0.002997159957885742
0.001998424530029297
0.001997709274291992
0.002997159957885742
0.0019974708557128906
0.0019989013671875
0.001997232437133789
0.002998828887939453
0.0019965171813964844
0.0029964447021484375
0.001998424530029297
0.0029969215393066406
0.0019979476928710938
0.0019979476928710938
0.0029969215393066406
0.0019979476928710938
0.0019969940185546875
0.0029976367950439453
0.0019974708557128906
0.0019986629486083984
0.0029964447021484375
0.0029973983764648438
0.002996683120727539
0.0019979476928710938
0.0029973983764648438
0.0019974708557128906
0.0029973983764648438
0.002996206283569336
0.0019981861114501953
0.0029969215393066406
0.0019979476928710938
0.0029969215393066406
0.0029969215393066406
0.001998424530029297
0.0029964447021484375
0.001998424530029297
0.0029964447021484375
0.0019986629486083984
0.002996683120727539
0.0019981861114501953
0.002997159957885742
0.001997709274291992
0.0029973983764648438
0.001997232437133789
0.002997159957885742
0.0019969940185546875
0.0019991397857666016
0.001997709274291992
0.0029973983764648438
0.0019969940185546875
0.0029976367950439453
0.002996206283569336
0.001998424530029297
0.002997159957885742
0.0019974708557128906
0.0029973983764648438
0.0019979476928710938
0.002996206283569336
0.001998424530029297
0.0029969215393066406
0.001997709274291992
0.0019981861114501953
0.0019981861114501953
0.002996683120727539
0.0019981861114501953
0.0019979476928710938
0.0019969940185546875
0.002997875213623047
0.001997709274291992
0.0019979476928710938
0.0029959678649902344
0.0019991397857666016
0.001997232437133789
0.002997875213623047
0.0019974708557128906
0.001998424530029297
0.002997159957885742
0.0019981861114501953
0.001996755599975586
0.0029973983764648438
0.0019979476928710938
0.002996683120727539
0.0029969215393066406
0.001997709274291992
0.002997159957885742
0.0029969215393066406
0.0019979476928710938
0.0029969215393066406
0.0029969215393066406
0.0029969215393066406
0.0019979476928710938
0.0029973983764648438
0.0019979476928710938
0.002996683120727539
0.0029969215393066406
0.0019979476928710938
0.002996683120727539
0.001998424530029297
0.0019974708557128906
0.0019981861114501953
0.002997159957885742
0.002997159957885742
0.001997709274291992
0.0019979476928710938
0.0019979476928710938
0.002997159957885742
0.001997709274291992
0.0019979476928710938
0.0029964447021484375
0.0019981861114501953
0.0019979476928710938
0.0019981861114501953
0.001997232437133789
0.0029973983764648438
0.0019979476928710938
0.0029964447021484375
0.001998424530029297
0.001997709274291992
0.0019981861114501953
0.0029973983764648438
0.002996683120727539
0.0019981861114501953
0.001998424530029297
0.0029954910278320312
0.0019979476928710938
0.0019986629486083984
0.002996683120727539
0.0019989013671875
0.0029959678649902344
0.001998424530029297
0.0019981861114501953
0.001997709274291992
0.0029976367950439453
0.001996755599975586
0.0029973983764648438
0.0019979476928710938
0.001997709274291992
0.0029976367950439453
0.0019969940185546875
0.0029976367950439453
0.001997232437133789
0.0019986629486083984
0.0029973983764648438
0.001997232437133789
0.0019981861114501953
0.001998424530029297
0.0029964447021484375
0.0019981861114501953
0.0029964447021484375
0.0019979476928710938
0.0029976367950439453
0.001997709274291992
0.002996683120727539
0.001997709274291992
0.002997875213623047
0.0019969940185546875
0.0019981861114501953
0.002996683120727539
0.0019986629486083984
0.0029964447021484375
0.0019986629486083984
0.00299835205078125
0.0029947757720947266
0.001998424530029297
0.0029969215393066406
0.0019981861114501953
0.0019974708557128906
0.0029976367950439453
0.001996755599975586
0.0019979476928710938
0.002997159957885742
0.001997709274291992
0.001998424530029297
0.0029969215393066406
0.0019981861114501953
0.002996683120727539
0.002997159957885742
0.001998424530029297
0.002996683120727539
0.0019981861114501953
0.0019969940185546875
0.0029973983764648438
0.0019974708557128906
0.0019991397857666016
0.0019969940185546875
0.002997875213623047
0.0019969940185546875
0.0019981861114501953
0.0019974708557128906
0.002997159957885742
0.001997709274291992
0.0019986629486083984
0.0029973983764648438
0.0019981861114501953
0.002996206283569336
0.0019981861114501953
0.0019974708557128906
0.0019979476928710938
0.0029973983764648438
0.001997709274291992
0.0019981861114501953
0.0029973983764648438
0.001997709274291992
0.0029964447021484375
0.001997709274291992
0.002997159957885742
0.0029973983764648438
0.0019981861114501953
0.002996206283569336
0.0019981861114501953
0.002996683120727539
0.001997709274291992
0.0029973983764648438
0.0019979476928710938
0.002997159957885742
0.001997709274291992
0.002997875213623047
0.0029969215393066406
0.0019969940185546875
0.0019974708557128906
0.0019979476928710938
0.0029964447021484375
0.0019989013671875
0.002997159957885742
0.0019974708557128906
0.002996683120727539
0.0019981861114501953
0.001997709274291992
0.0019974708557128906
0.001998424530029297
0.0019981861114501953
0.0029964447021484375
0.0019998550415039062
0.0019960403442382812
0.001997709274291992
0.0019979476928710938
0.0029981136322021484
0.001997232437133789
0.001997709274291992
0.0019986629486083984
0.0019974708557128906
0.0029973983764648438
0.0019989013671875
0.002995729446411133
0.001998424530029297
0.0029964447021484375
0.0019979476928710938
0.0029976367950439453
0.001997232437133789
0.0019974708557128906
0.0019979476928710938
0.0019974708557128906
0.002997875213623047
0.0029969215393066406
0.001997709274291992
0.002997875213623047
0.0029969215393066406
0.0019974708557128906
0.0019979476928710938
0.0029973983764648438
0.0019974708557128906
0.001997232437133789
0.0029976367950439453
0.0019986629486083984
0.0029969215393066406
0.0019979476928710938
0.0019974708557128906
0.0029969215393066406
0.0019979476928710938
0.0029969215393066406
0.0019981861114501953
0.002997159957885742
0.001998424530029297
0.0029952526092529297
0.001999378204345703
0.0029969215393066406
0.0019974708557128906
0.0019974708557128906
0.00299835205078125
0.0029952526092529297
0.0019979476928710938
0.0029973983764648438
0.0019979476928710938
0.0019979476928710938
0.0019979476928710938
0.0019981861114501953
0.001997709274291992
0.002997875213623047
0.001997232437133789
0.002996683120727539
0.0019981861114501953
0.0019974708557128906
0.0019981861114501953
0.001997709274291992
0.001997709274291992
0.001997709274291992
0.0019986629486083984
0.0019979476928710938
0.0029969215393066406
0.001997709274291992
0.002996683120727539
0.0019979476928710938
0.0029969215393066406
0.0019981861114501953
0.0029969215393066406
0.0019974708557128906
0.0019986629486083984
0.001997709274291992
0.001997709274291992
0.0019974708557128906
0.0019986629486083984
0.0029973983764648438
0.0019986629486083984
0.0029954910278320312
0.001997709274291992
0.0019986629486083984
0.001997709274291992
0.0019974708557128906
0.0019989013671875
0.0019979476928710938
0.0019979476928710938
0.0019974708557128906
0.001997709274291992
0.0029969215393066406
0.001997709274291992
0.0019986629486083984
0.0019979476928710938
0.001998424530029297
0.0019974708557128906
0.001998424530029297
0.0019979476928710938
0.001997232437133789
0.002997159957885742
0.0019981861114501953
0.002997875213623047
0.0019969940185546875
0.0029969215393066406
0.001998424530029297
0.002997159957885742
0.001997232437133789
0.0019974708557128906
0.0029969215393066406
0.0029976367950439453
0.0019979476928710938
0.002996683120727539
0.0019981861114501953
0.001997709274291992
0.0029969215393066406
0.0019979476928710938
0.0019989013671875
0.0029973983764648438
0.0019960403442382812
0.0029981136322021484
0.0019981861114501953
0.0019965171813964844
0.0019986629486083984
0.001998424530029297
0.0019974708557128906
0.0019974708557128906
0.0019979476928710938
0.0029964447021484375
0.0019986629486083984
0.001997232437133789
0.0029969215393066406
0.0019986629486083984
0.0019979476928710938
0.0019979476928710938
0.002996683120727539
0.001998424530029297
0.001997709274291992
0.0019979476928710938
0.0019981861114501953
0.0029969215393066406
0.0029964447021484375
0.0019979476928710938
0.0019981861114501953
0.001997232437133789
0.002997875213623047
0.0019969940185546875
0.001998424530029297
0.001997709274291992
0.0019981861114501953
0.0019979476928710938
0.0019979476928710938
0.002996683120727539
0.0019979476928710938
0.001997709274291992
0.0019989013671875
0.001997232437133789
0.0019986629486083984
0.001997232437133789
0.0019974708557128906
0.0029976367950439453
0.0019974708557128906
0.0019981861114501953
0.001998424530029297
0.0019979476928710938
0.0029976367950439453
0.0019974708557128906
0.002997159957885742
0.0019974708557128906
0.0019974708557128906
0.0019979476928710938
0.0019981861114501953
0.0029969215393066406
0.0019981861114501953
0.002996206283569336
0.0019979476928710938
0.0019979476928710938
0.0029969215393066406
0.0019981861114501953
0.0019979476928710938
0.001998424530029297
0.0021157264709472656
0.0018794536590576172
0.002997875213623047
0.002996206283569336
0.0019981861114501953
0.0029969215393066406
0.0019981861114501953
0.0019979476928710938
0.001997709274291992
0.0019974708557128906
0.0019979476928710938
0.002997159957885742
0.001998424530029297
0.001997232437133789
0.001998424530029297
0.0019979476928710938
0.0019974708557128906
0.0029973983764648438
0.001998424530029297
0.0019969940185546875
0.0019986629486083984
0.002997875213623047
0.0019960403442382812
0.0019989013671875
0.002996206283569336
0.001998424530029297
0.001998424530029297
0.001997232437133789
0.0019981861114501953
0.001997709274291992
0.002997875213623047
0.001997232437133789
0.0029973983764648438
0.001997232437133789
0.001998424530029297
0.002996683120727539
0.0019986629486083984
0.0019979476928710938
0.0029969215393066406
0.001997232437133789
0.001997709274291992
0.001998424530029297
0.0009984970092773438
0.002997875213623047
0.001998424530029297
0.001996755599975586
0.001998424530029297
0.001997232437133789
0.0019989013671875
0.001997709274291992
0.0029964447021484375
0.001998424530029297
0.001997232437133789
0.002998828887939453
0.001996755599975586
0.0019979476928710938
0.0029973983764648438
0.0019974708557128906
0.002997159957885742
0.0019979476928710938
0.002996683120727539
0.0019986629486083984
0.001997232437133789
0.0029969215393066406
0.0019981861114501953
0.0019981861114501953
0.002996206283569336
0.001998424530029297
0.0019981861114501953
0.0029969215393066406
0.0019981861114501953
0.001997709274291992
0.0019974708557128906
0.001997709274291992
0.002997875213623047
0.0009982585906982422
0.0019974708557128906
0.001998424530029297
0.0029969215393066406
0.0019986629486083984
0.0019974708557128906
0.0019981861114501953
0.0019974708557128906
0.0019981861114501953
0.0019974708557128906
0.001998424530029297
0.001998424530029297
0.001997232437133789
0.0019981861114501953
0.001998424530029297
0.0019974708557128906
0.001998424530029297
0.0019979476928710938
0.0019969940185546875
0.0019989013671875
0.0019979476928710938
0.001997232437133789
0.002997159957885742
0.0019986629486083984
0.0019979476928710938
0.0019974708557128906
0.001997709274291992
0.0019991397857666016
0.001997232437133789
0.0019981861114501953
0.001997709274291992
0.002996683120727539
0.0019986629486083984
0.001997232437133789
0.0019974708557128906
0.002997875213623047
0.001997232437133789
0.0019981861114501953
0.0019979476928710938
0.001997709274291992
0.001998424530029297
0.001997709274291992
0.0029976367950439453
0.0019979476928710938
0.001997709274291992
0.001999378204345703
0.001996278762817383
0.0029964447021484375
0.0019991397857666016
0.0019969940185546875
0.002997875213623047
0.001997232437133789
0.0019979476928710938
0.0029976367950439453
0.0019969940185546875
0.0019991397857666016
0.0019969940185546875
0.0029973983764648438
0.001997232437133789
0.001998424530029297
0.0019981861114501953
0.0019974708557128906
0.001998424530029297
0.0019974708557128906
0.0019986629486083984
0.001997709274291992
0.0019974708557128906
0.0019981861114501953
0.001998424530029297
0.001999378204345703
0.0019958019256591797
0.0019979476928710938
0.0029976367950439453
0.0019986629486083984
0.001997709274291992
0.0019974708557128906
0.0019969940185546875
0.0019989013671875
0.0019974708557128906
0.0019974708557128906
0.0019989013671875
0.001997232437133789
0.0019986629486083984
0.001997232437133789
0.0019979476928710938
0.0019974708557128906
0.002997875213623047
0.0019986629486083984
0.001997232437133789
0.001997709274291992
0.002997159957885742
0.001997709274291992
0.0019991397857666016
0.0029959678649902344
0.001998424530029297
0.0019974708557128906
0.001997709274291992
0.0019981861114501953
0.0029969215393066406
0.0019979476928710938
0.0019981861114501953
0.0009987354278564453
0.002997159957885742
0.001997709274291992
0.0019981861114501953
0.0019974708557128906
0.001997709274291992
0.001998424530029297
0.001998424530029297
0.0019974708557128906
0.0029976367950439453
0.0019974708557128906
0.0029976367950439453
0.0019969940185546875
0.0029976367950439453
0.001997709274291992
0.0029981136322021484
0.0019969940185546875
0.0029969215393066406
0.0019979476928710938
0.002997159957885742
0.002996683120727539
0.001997709274291992
0.0029973983764648438
0.0019974708557128906
0.0019986629486083984
0.0019969940185546875
0.002997159957885742
0.0019986629486083984
0.001997232437133789
0.001998424530029297
0.001997232437133789
0.002997875213623047
0.001997709274291992
0.0019981861114501953
0.0019969940185546875
0.0029969215393066406
0.0019986629486083984
0.0019979476928710938
0.0019981861114501953
0.001997232437133789
0.001997709274291992
0.0019979476928710938
0.0019981861114501953
0.0019989013671875
0.001997232437133789
0.0019974708557128906
0.0019996166229248047
0.001996278762817383
0.0019986629486083984
0.001997232437133789
0.0019979476928710938
0.0029976367950439453
0.0019974708557128906
0.0019979476928710938
0.001998424530029297
0.0019979476928710938
0.0019981861114501953
0.001997232437133789
0.0019979476928710938
0.0019979476928710938
0.0019989013671875
0.0009980201721191406
0.0019974708557128906
0.001998424530029297
0.0019979476928710938
0.0019979476928710938
0.0019989013671875
0.001997232437133789
0.001998424530029297
0.0019979476928710938
0.0019974708557128906
0.001998424530029297
0.001997232437133789
0.001998424530029297
0.0019979476928710938
0.002997875213623047
0.001996755599975586
0.0019981861114501953
0.001997709274291992
0.0019979476928710938
0.0019979476928710938
0.0019979476928710938
0.0019979476928710938
0.001997709274291992
0.0019979476928710938
0.002000093460083008
0.0019965171813964844
0.0019974708557128906
0.0009989738464355469
0.001998424530029297
0.0019969940185546875
0.001998424530029297
0.003055095672607422
0.0019404888153076172
0.0019974708557128906
0.0019991397857666016
0.001997232437133789
0.0019974708557128906
0.001997709274291992
0.0019979476928710938
0.0029973983764648438
0.001998424530029297
0.002996683120727539
0.0019991397857666016
0.0019965171813964844
0.0029973983764648438
0.0019981861114501953
0.002996206283569336
0.0019991397857666016
0.0029959678649902344
0.0019989013671875
0.002996683120727539
0.0019974708557128906
0.0029969215393066406
0.001998424530029297
0.002996206283569336
0.0019981861114501953
0.001997709274291992
0.002996683120727539
0.0019981861114501953
0.002996683120727539
0.001998424530029297
0.001997709274291992
0.0029976367950439453
0.001997709274291992
0.002996683120727539
0.001998424530029297
0.0029964447021484375
0.001998424530029297
0.0029964447021484375
0.0019981861114501953
0.001997709274291992
0.0029969215393066406
0.0019981861114501953
0.002996206283569336
0.0019979476928710938
0.0029981136322021484
0.0029969215393066406
0.0029976367950439453
0.003995180130004883
0.0029969215393066406
0.002997159957885742
0.002997159957885742
0.002996683120727539
0.0029969215393066406
0.0019969940185546875
0.0029973983764648438
0.0019979476928710938
0.0029969215393066406
0.0029969215393066406
0.0019981861114501953
0.001997709274291992
0.0029969215393066406
0.0019979476928710938
0.002997159957885742
0.001997709274291992
0.001997709274291992
0.002997159957885742
0.0019979476928710938
0.0029969215393066406
0.001998424530029297
0.0029964447021484375
0.0019981861114501953
0.0029969215393066406
0.0019979476928710938
0.001997709274291992
0.0029973983764648438
0.002996206283569336
0.001999378204345703
0.0029969215393066406
0.002995729446411133
0.001997709274291992
0.0029973983764648438
0.0019981861114501953
0.002997159957885742
0.002996683120727539
0.0019981861114501953
0.002997159957885742
0.0019969940185546875
0.0029976367950439453
0.001998424530029297
0.001997232437133789
0.0029969215393066406
0.001998424530029297
0.001997232437133789
0.0019981861114501953
0.001998424530029297
0.001997709274291992
0.0019981861114501953
0.001996755599975586
0.0019989013671875
0.001997232437133789
0.0019981861114501953
0.0019981861114501953
0.0029959678649902344
0.0019991397857666016
0.0019979476928710938
0.0019981861114501953
0.001997709274291992
0.0019974708557128906
0.0009987354278564453
0.0019981861114501953
0.0029969215393066406
0.0009992122650146484
0.0019991397857666016
0.001997232437133789
0.001997232437133789
0.0019989013671875
0.0019979476928710938
0.0019974708557128906
0.001997709274291992
0.001998424530029297
0.001997232437133789
0.0019986629486083984
0.0019979476928710938
0.001997709274291992
0.0019974708557128906
0.0019989013671875
0.0019969940185546875
0.001998424530029297
0.001998424530029297
0.0019979476928710938
0.001996755599975586
0.001998424530029297
0.001998424530029297
0.0019974708557128906
0.0019981861114501953
0.001997709274291992
0.001998424530029297
0.0019981861114501953
0.002997159957885742
0.002996683120727539
0.001997232437133789
0.0019979476928710938
0.001998424530029297
0.0019974708557128906
0.0019986629486083984
0.001997709274291992
0.0019981861114501953
0.0019974708557128906
0.0019981861114501953
0.001998424530029297
0.001997709274291992
0.0019974708557128906
0.001998424530029297
0.0019981861114501953
0.0019974708557128906
0.0019981861114501953
0.001997709274291992
0.0019981861114501953
0.0019979476928710938
0.0019974708557128906
0.0029976367950439453
0.0009987354278564453
0.0019974708557128906
0.001997709274291992
0.001998424530029297
