0.006992816925048828
0.003007173538208008
0.001987457275390625
0.0019981861114501953
0.001998424530029297
0.0030066967010498047
0.001987457275390625
0.001998424530029297
0.0020079612731933594
0.001988649368286133
0.002996206283569336
0.0029964447021484375
0.001998424530029297
0.001997709274291992
0.0029969215393066406
0.0019989013671875
0.0019969940185546875
0.0019989013671875
0.0029964447021484375
0.0019989013671875
0.003008604049682617
0.001985311508178711
0.0019974708557128906
0.0019979476928710938
0.0029973983764648438
0.0019979476928710938
0.001997709274291992
0.0029973983764648438
0.001997709274291992
0.001997709274291992
0.002997159957885742
0.0019981861114501953
0.0019981861114501953
0.001997709274291992
0.0019979476928710938
0.0029969215393066406
0.0019974708557128906
0.0029973983764648438
0.0029969215393066406
0.0019979476928710938
0.0019974708557128906
0.0029976367950439453
0.001997232437133789
0.0019981861114501953
0.001998424530029297
0.002996206283569336
0.001998424530029297
0.001997709274291992
0.0029969215393066406
0.0019979476928710938
0.0019981861114501953
0.002997159957885742
0.001997709274291992
0.0019981861114501953
0.0019979476928710938
0.002996683120727539
0.0019979476928710938
0.0019979476928710938
0.001998424530029297
0.002996683120727539
0.0019979476928710938
0.001997709274291992
0.0019979476928710938
0.0029973983764648438
0.0029969215393066406
0.0019979476928710938
0.0019974708557128906
0.0019986629486083984
0.002996683120727539
0.001997709274291992
0.001998424530029297
0.0029973983764648438
0.001996755599975586
0.0019979476928710938
0.0019981861114501953
0.002997159957885742
0.001997709274291992
0.0029976367950439453
0.0019974708557128906
0.001998424530029297
0.002996206283569336
0.0019979476928710938
0.0019981861114501953
0.0019981861114501953
0.001997709274291992
0.0019981861114501953
0.001998424530029297
0.0029964447021484375
0.0019979476928710938
0.002996683120727539
0.0019989013671875
0.0019969940185546875
0.0019979476928710938
0.0019981861114501953
0.0029969215393066406
0.0019981861114501953
0.001997709274291992
0.002997159957885742
0.001997232437133789
0.0019989013671875
0.0019974708557128906
0.001998424530029297
0.001997232437133789
0.0019986629486083984
0.001997709274291992
0.0019981861114501953
0.0019981861114501953
0.0019969940185546875
0.0019979476928710938
0.0019981861114501953
0.002997159957885742
0.0019979476928710938
0.001997709274291992
0.001998424530029297
0.0019979476928710938
0.001998424530029297
0.002996206283569336
0.001998424530029297
0.002996683120727539
0.0019979476928710938
0.001997709274291992
0.001997709274291992
0.002997875213623047
0.001997709274291992
0.0029964447021484375
0.0019979476928710938
0.0019986629486083984
0.002996683120727539
0.0019974708557128906
0.001998424530029297
0.0019974708557128906
0.0019986629486083984
0.0019981861114501953
0.001996755599975586
0.0029976367950439453
0.0019979476928710938
0.0019979476928710938
0.0020499229431152344
0.0029458999633789062
0.001997232437133789
0.001997709274291992
0.0029969215393066406
0.0019986629486083984
0.0019974708557128906
0.0019979476928710938
0.0019979476928710938
0.0029976367950439453
0.001996755599975586
0.0019989013671875
0.001997232437133789
0.001998424530029297
0.001997709274291992
0.002997159957885742
0.001997232437133789
0.0019981861114501953
0.001997709274291992
0.0019981861114501953
0.001997709274291992
0.002997159957885742
0.002997159957885742
0.0019986629486083984
0.001996755599975586
0.0019979476928710938
0.0019979476928710938
0.0019989013671875
0.0029964447021484375
0.001997709274291992
0.0019979476928710938
0.001998424530029297
0.001997709274291992
0.0029969215393066406
0.0019974708557128906
0.0009989738464355469
0.001998424530029297
0.002997159957885742
0.0019974708557128906
0.0019981861114501953
0.0019979476928710938
0.001997709274291992
0.0019981861114501953
0.001998424530029297
0.0019981861114501953
0.001997232437133789
0.0019986629486083984
0.001997232437133789
0.0019986629486083984
0.001997709274291992
0.0029969215393066406
0.002997159957885742
0.001997709274291992
0.0029969215393066406
0.0019979476928710938
0.0029964447021484375
0.001998424530029297
0.001997709274291992
0.002997159957885742
0.0019979476928710938
0.0019974708557128906
0.001998424530029297
0.0019974708557128906
0.0019979476928710938
0.0019989013671875
0.001997232437133789
0.0019979476928710938
0.001997709274291992
0.0019989013671875
0.001997709274291992
0.001998424530029297
0.001997709274291992
0.0019974708557128906
0.0019979476928710938
0.0019981861114501953
0.001997709274291992
0.0019981861114501953
0.001997709274291992
0.0019979476928710938
0.0019981861114501953
0.001998424530029297
0.001997232437133789
0.0019981861114501953
0.001998424530029297
0.0019981861114501953
0.0019979476928710938
0.001997709274291992
0.0019979476928710938
0.001997709274291992
0.002996683120727539
0.0019981861114501953
0.0019974708557128906
0.0009989738464355469
0.001998424530029297
0.002997159957885742
0.0019979476928710938
0.0019979476928710938
0.0019979476928710938
0.0019979476928710938
0.001997232437133789
0.0019986629486083984
0.001997709274291992
0.001997709274291992
0.0019981861114501953
0.0019979476928710938
0.001998424530029297
0.001997709274291992
0.0019981861114501953
0.0019979476928710938
0.002996206283569336
0.0019981861114501953
0.0019981861114501953
0.0019979476928710938
0.0019979476928710938
0.001997709274291992
0.0019981861114501953
0.001997709274291992
0.0029969215393066406
0.0019986629486083984
0.0019979476928710938
0.0019974708557128906
0.001997709274291992
0.002997159957885742
0.001998424530029297
0.0009984970092773438
0.0019986629486083984
0.001997232437133789
0.001997709274291992
0.0019981861114501953
0.0009984970092773438
0.001998424530029297
0.0009992122650146484
0.001997232437133789
0.0019981861114501953
0.0019979476928710938
0.0019981861114501953
0.0019979476928710938
0.0019979476928710938
0.0019989013671875
0.001996755599975586
0.0019979476928710938
0.002002716064453125
0.001993894577026367
0.0019974708557128906
0.0019974708557128906
0.0019986629486083984
0.0019974708557128906
0.001998424530029297
0.0019979476928710938
0.0019979476928710938
0.0019979476928710938
0.0019979476928710938
0.0009984970092773438
0.002997159957885742
0.001997709274291992
0.0019981861114501953
0.0019979476928710938
0.0019981861114501953
0.001997709274291992
0.001997709274291992
0.0029976367950439453
0.001997709274291992
0.001998424530029297
0.0019974708557128906
0.001997709274291992
0.001998424530029297
0.001997709274291992
0.0019974708557128906
0.001998424530029297
0.0019981861114501953
0.0009987354278564453
0.001997709274291992
0.001998424530029297
0.0019979476928710938
0.0019981861114501953
0.0019979476928710938
0.0019981861114501953
0.001997709274291992
0.0019979476928710938
0.001997709274291992
0.0019979476928710938
0.002997159957885742
0.001997709274291992
0.0019981861114501953
0.001997709274291992
0.0019974708557128906
0.001998424530029297
0.0019974708557128906
0.0019986629486083984
0.0009984970092773438
0.0019979476928710938
0.0019981861114501953
0.001997709274291992
0.001998424530029297
0.0009984970092773438
0.0019979476928710938
0.001998424530029297
0.0019979476928710938
0.001997709274291992
0.0019979476928710938
0.0009989738464355469
0.0021457672119140625
0.0018503665924072266
0.001997709274291992
0.0019981861114501953
0.0019981861114501953
0.0009982585906982422
0.0019986629486083984
0.0019974708557128906
0.0019981861114501953
0.0019981861114501953
0.0009984970092773438
0.0019979476928710938
0.001997709274291992
0.0019989013671875
0.0029964447021484375
0.0019981861114501953
0.0019979476928710938
0.001997709274291992
0.00099945068359375
0.0019979476928710938
0.001997232437133789
0.0019981861114501953
0.0019981861114501953
0.0019981861114501953
0.001997232437133789
0.0009989738464355469
0.0019981861114501953
0.001998424530029297
0.0019974708557128906
0.0019981861114501953
0.0009992122650146484
0.001997709274291992
0.0019979476928710938
0.0019979476928710938
0.0019979476928710938
0.0019979476928710938
0.0019981861114501953
0.001997709274291992
0.0019981861114501953
0.001997709274291992
0.0019979476928710938
0.001998424530029297
0.0019974708557128906
0.0019981861114501953
0.0019979476928710938
0.0029969215393066406
0.0019979476928710938
0.0019979476928710938
0.0019979476928710938
0.0019974708557128906
0.001998424530029297
0.0009987354278564453
0.002996683120727539
0.0009989738464355469
0.0019989013671875
0.001997232437133789
0.001998424530029297
0.001997709274291992
0.0019986629486083984
0.0019974708557128906
0.0019979476928710938
0.001997709274291992
0.0019981861114501953
0.0019974708557128906
0.0019986629486083984
0.001997232437133789
0.0009989738464355469
0.001998424530029297
0.001997709274291992
0.0009987354278564453
0.0029976367950439453
0.0019981861114501953
0.001997709274291992
0.001997709274291992
0.0009987354278564453
0.0019981861114501953
0.0019979476928710938
0.0019981861114501953
0.0019979476928710938
0.001997709274291992
0.0009987354278564453
0.0019979476928710938
0.0019981861114501953
0.001998424530029297
0.001997709274291992
0.0009984970092773438
0.0019981861114501953
0.001997709274291992
0.0019981861114501953
0.001997709274291992
0.0019979476928710938
0.0009984970092773438
0.0019991397857666016
0.001997709274291992
0.0009987354278564453
0.0019986629486083984
0.0019974708557128906
0.0019979476928710938
0.0019979476928710938
0.001997709274291992
0.0019979476928710938
0.0019979476928710938
0.0019979476928710938
0.001998424530029297
0.0009987354278564453
0.0019981861114501953
0.001997232437133789
0.0019989013671875
0.001997709274291992
0.0019981861114501953
0.0019974708557128906
0.0019981861114501953
0.0019974708557128906
0.0019979476928710938
0.0019989013671875
0.0019974708557128906
0.0019974708557128906
0.0009989738464355469
0.001998424530029297
0.0019979476928710938
0.0019979476928710938
0.0009992122650146484
0.001997232437133789
0.001998424530029297
0.0019979476928710938
0.0019974708557128906
0.0009989738464355469
0.001998424530029297
0.001997709274291992
0.0019981861114501953
0.001998424530029297
0.0009987354278564453
0.001997709274291992
0.001997709274291992
0.0019986629486083984
0.0019969940185546875
0.0019989013671875
0.0009984970092773438
0.001997709274291992
0.0019981861114501953
0.0019981861114501953
0.001998424530029297
0.001997232437133789
0.001997709274291992
0.0019989013671875
0.0019981861114501953
0.0019974708557128906
0.001997709274291992
0.0019981861114501953
0.001997709274291992
0.001998424530029297
0.001997232437133789
0.0019986629486083984
0.0019974708557128906
0.0019974708557128906
0.0019989013671875
0.001997709274291992
0.0009984970092773438
0.001998424530029297
0.001997709274291992
0.001998424530029297
0.0019974708557128906
0.0019979476928710938
0.0019979476928710938
0.001998424530029297
0.0019974708557128906
0.0019981861114501953
0.0009987354278564453
0.001998424530029297
0.001997709274291992
0.0019979476928710938
0.0019979476928710938
0.0029973983764648438
0.0019979476928710938
0.001997709274291992
0.0019986629486083984
0.0019974708557128906
0.0019974708557128906
0.001997709274291992
0.0019979476928710938
0.0019981861114501953
0.0019981861114501953
0.0019979476928710938
0.001997709274291992
0.001998424530029297
0.0019974708557128906
0.0019981861114501953
0.001997709274291992
0.0009992122650146484
0.0019974708557128906
0.0019981861114501953
0.0019981861114501953
0.0019979476928710938
0.001997709274291992
0.0019981861114501953
0.001997709274291992
0.0019979476928710938
0.0019989013671875
0.001997709274291992
0.0019974708557128906
0.001998424530029297
0.0009992122650146484
0.0019969940185546875
0.0019979476928710938
0.0019979476928710938
0.0019981861114501953
0.001997709274291992
0.0019981861114501953
0.0019979476928710938
0.0019981861114501953
0.0019974708557128906
0.0019979476928710938
0.0019979476928710938
0.0019986629486083984
0.001997709274291992
0.0019981861114501953
0.001997232437133789
0.0019979476928710938
0.0019981861114501953
0.0019979476928710938
0.0019979476928710938
0.0029973983764648438
0.0019974708557128906
0.0019979476928710938
0.0019981861114501953
0.001997709274291992
0.0019981861114501953
0.0019974708557128906
0.001997709274291992
0.0019986629486083984
0.0019979476928710938
0.0019974708557128906
0.001997709274291992
0.0019986629486083984
0.001997232437133789
0.001998424530029297
0.002997159957885742
0.0019979476928710938
0.0019981861114501953
0.001997709274291992
0.0019979476928710938
0.0019979476928710938
0.0019979476928710938
0.0019979476928710938
0.0019979476928710938
0.0019979476928710938
0.0019986629486083984
0.0019974708557128906
0.0019974708557128906
0.0019979476928710938
0.0019981861114501953
0.002997159957885742
0.0019974708557128906
0.0029973983764648438
0.001997709274291992
0.001998424530029297
0.001997709274291992
0.002996683120727539
0.0019979476928710938
0.002997159957885742
0.001997709274291992
0.002997159957885742
0.0019974708557128906
0.001998424530029297
0.0019981861114501953
0.001997232437133789
0.0019989013671875
0.0029969215393066406
0.0019974708557128906
0.0019981861114501953
0.0019974708557128906
0.002997875213623047
0.0019979476928710938
0.001997232437133789
0.001997709274291992
0.0019981861114501953
0.001997709274291992
0.002997159957885742
0.0019991397857666016
0.001996755599975586
0.0019979476928710938
0.0019981861114501953
0.0019974708557128906
0.0019974708557128906
0.0019989013671875
0.0019974708557128906
0.002997875213623047
0.0019969940185546875
0.001998424530029297
0.0019974708557128906
0.0019989013671875
0.0029964447021484375
0.0019974708557128906
0.0029976367950439453
0.0019981861114501953
0.0019974708557128906
0.0019979476928710938
0.001998424530029297
0.0029976367950439453
0.001997232437133789
0.0019979476928710938
0.002996683120727539
0.001997709274291992
0.0019981861114501953
0.0029969215393066406
0.001997709274291992
0.0020003318786621094
0.001995563507080078
0.0019981861114501953
0.0019979476928710938
0.001997232437133789
0.001998424530029297
0.001997709274291992
0.002000093460083008
0.001996278762817383
0.001998424530029297
0.0009984970092773438
0.0009987354278564453
0.0019981861114501953
0.0019986629486083984
0.0019974708557128906
0.00099945068359375
0.0019969940185546875
0.0019981861114501953
0.0009989738464355469
0.0009984970092773438
0.0019991397857666016
0.0019974708557128906
0.0019989013671875
0.0009970664978027344
0.0019986629486083984
0.0019974708557128906
0.0019981861114501953
0.0019979476928710938
0.001998424530029297
0.0019981861114501953
0.0019974708557128906
0.0019979476928710938
0.001998424530029297
0.001997709274291992
0.001997709274291992
0.001997709274291992
0.0009987354278564453
0.0019986629486083984
0.0019979476928710938
0.0019989013671875
0.0019965171813964844
0.0019981861114501953
0.0019981861114501953
0.0019979476928710938
0.0019979476928710938
0.001998424530029297
0.0019986629486083984
0.0019965171813964844
0.001997709274291992
0.0019981861114501953
0.001997709274291992
0.0009996891021728516
0.001997232437133789
0.0019981861114501953
0.0019979476928710938
0.0009987354278564453
0.0019979476928710938
0.001997709274291992
0.001998424530029297
0.001998424530029297
0.0009989738464355469
0.0019979476928710938
0.0019979476928710938
0.0019981861114501953
0.000997781753540039
0.001998424530029297
0.0019986629486083984
0.0019974708557128906
0.0019979476928710938
0.0009996891021728516
0.001997232437133789
0.001998424530029297
0.001997232437133789
0.0019991397857666016
0.0009984970092773438
0.0019979476928710938
0.0019974708557128906
0.0019981861114501953
0.0019981861114501953
0.001997709274291992
0.001998424530029297
0.001997709274291992
0.0009987354278564453
0.0019974708557128906
0.0019986629486083984
0.0019974708557128906
0.0019986629486083984
0.0009987354278564453
0.0019974708557128906
0.001997709274291992
0.0009996891021728516
0.0019974708557128906
0.0019979476928710938
0.001998424530029297
0.0009987354278564453
0.0019979476928710938
0.0019981861114501953
0.0009982585906982422
0.001998424530029297
0.001997709274291992
0.0019989013671875
0.0019979476928710938
0.0009982585906982422
0.001997709274291992
0.001998424530029297
0.001998424530029297
0.0019974708557128906
0.0019979476928710938
0.0019979476928710938
0.0009987354278564453
0.0019979476928710938
0.0019981861114501953
0.0009992122650146484
0.001997232437133789
0.0019981861114501953
0.001997709274291992
0.00099945068359375
0.0019981861114501953
0.001997709274291992
0.001998424530029297
0.0019974708557128906
0.0019981861114501953
0.0029964447021484375
0.001998424530029297
0.0029969215393066406
0.0019986629486083984
0.001997232437133789
0.0009989738464355469
0.0019974708557128906
0.001998424530029297
0.0009992122650146484
0.001997709274291992
0.001997709274291992
0.0019981861114501953
0.0009992122650146484
0.0019981861114501953
0.001997232437133789
0.0009992122650146484
0.001997709274291992
0.0019989013671875
0.0009984970092773438
0.001998424530029297
0.0009980201721191406
0.0019979476928710938
0.0019981861114501953
0.0019981861114501953
0.0009987354278564453
0.0019979476928710938
0.0019981861114501953
0.0009989738464355469
0.0019974708557128906
0.0019986629486083984
0.001997709274291992
0.0009984970092773438
0.0019986629486083984
0.0009987354278564453
0.0019979476928710938
0.0009987354278564453
0.0019979476928710938
0.001998424530029297
0.001997232437133789
0.0019986629486083984
0.0009989738464355469
0.001997709274291992
0.0019996166229248047
0.001996278762817383
0.001997709274291992
0.001998424530029297
0.001997709274291992
0.001997709274291992
0.0019974708557128906
0.0019986629486083984
0.0019981861114501953
0.001998424530029297
0.001997709274291992
0.0019974708557128906
0.0019986629486083984
0.0019979476928710938
0.0019979476928710938
0.0019974708557128906
0.001998424530029297
0.001997232437133789
0.0019986629486083984
0.0019979476928710938
0.001997709274291992
0.0019986629486083984
0.001997232437133789
0.0019979476928710938
0.0019981861114501953
0.001997232437133789
0.0009992122650146484
0.0019979476928710938
0.0019981861114501953
0.0009987354278564453
0.0019974708557128906
0.0019981861114501953
0.0009992122650146484
0.001997709274291992
0.0019986629486083984
0.0009982585906982422
0.0009996891021728516
0.0019974708557128906
0.0009987354278564453
0.0019979476928710938
0.001997709274291992
0.0009992122650146484
0.0019979476928710938
0.0019981861114501953
0.0019979476928710938
0.00099945068359375
0.0019979476928710938
0.001997232437133789
0.0009984970092773438
0.0019989013671875
0.0009989738464355469
0.001997709274291992
0.0009987354278564453
0.0019981861114501953
0.001997709274291992
0.0009989738464355469
0.0019981861114501953
0.001997709274291992
0.0009987354278564453
0.0019981861114501953
0.00099945068359375
0.0019974708557128906
0.0009989738464355469
0.001997709274291992
0.0019989013671875
0.0019981861114501953
0.0009982585906982422
0.001998424530029297
0.0019974708557128906
0.0009999275207519531
0.001997232437133789
0.0009987354278564453
0.0009987354278564453
0.001998424530029297
0.001997709274291992
0.001998424530029297
0.0009980201721191406
0.0019989013671875
0.0019974708557128906
0.0009989738464355469
0.001997709274291992
0.0019986629486083984
0.0019979476928710938
0.0009987354278564453
0.0019986629486083984
0.0019981861114501953
0.0019981861114501953
0.001997709274291992
0.0029969215393066406
0.0029973983764648438
0.001997232437133789
0.0019979476928710938
0.0019981861114501953
0.0019979476928710938
0.0019986629486083984
0.001997232437133789
0.0009996891021728516
0.0009992122650146484
0.001997709274291992
0.001998424530029297
0.0009987354278564453
0.001997709274291992
0.00099945068359375
0.001997709274291992
0.0019979476928710938
0.0019979476928710938
0.0009987354278564453
0.0019989013671875
0.001997232437133789
0.001997709274291992
0.0009992122650146484
0.0019986629486083984
0.0009980201721191406
0.0019981861114501953
0.0019981861114501953
0.001998424530029297
0.0009982585906982422
0.0019979476928710938
0.00099945068359375
0.001997232437133789
0.001998424530029297
0.0009992122650146484
0.001997709274291992
0.0019981861114501953
0.0009989738464355469
0.0019979476928710938
0.0009984970092773438
0.001997709274291992
0.0019989013671875
0.001997709274291992
0.001997709274291992
0.001998424530029297
0.0009984970092773438
0.001997709274291992
0.0019981861114501953
0.0009989738464355469
0.001997709274291992
0.0019986629486083984
0.0019979476928710938
0.0019979476928710938
0.0019981861114501953
0.0019979476928710938
0.0009982585906982422
0.0019981861114501953
0.0019979476928710938
0.0019981861114501953
0.0009984970092773438
0.005994319915771484
0.0019979476928710938
0.001997709274291992
0.0009989738464355469
0.0019974708557128906
0.0019981861114501953
0.0019981861114501953
0.0009987354278564453
0.0019979476928710938
0.00099945068359375
0.001997709274291992
0.001997709274291992
0.0009987354278564453
0.0019986629486083984
0.0019979476928710938
0.0019974708557128906
0.0009987354278564453
0.0019989013671875
0.001997709274291992
0.0009989738464355469
0.0019974708557128906
0.0009992122650146484
0.0019986629486083984
0.0019974708557128906
0.0019974708557128906
0.0009992122650146484
0.001998424530029297
0.0019979476928710938
0.0019981861114501953
0.001997709274291992
0.001997709274291992
0.0019986629486083984
0.001997709274291992
0.0019979476928710938
0.001997232437133789
0.0029981136322021484
0.0019979476928710938
0.0019981861114501953
0.0019969940185546875
0.001998424530029297
0.001997232437133789
0.001998424530029297
0.0019979476928710938
0.0019979476928710938
0.0019981861114501953
