0.005995035171508789
0.0019981861114501953
0.001997709274291992
0.0019981861114501953
0.0019979476928710938
0.0009987354278564453
0.001998424530029297
0.0009984970092773438
0.0019979476928710938
0.0019979476928710938
0.0009989738464355469
0.0019981861114501953
0.0009987354278564453
0.0019981861114501953
0.0009987354278564453
0.0019981861114501953
0.0009984970092773438
0.0019986629486083984
0.0009984970092773438
0.0019979476928710938
0.0009989738464355469
0.001998424530029297
0.0009987354278564453
0.0019979476928710938
0.0009989738464355469
0.001997709274291992
0.0009987354278564453
0.001998424530029297
0.0019981861114501953
0.0009984970092773438
0.0019981861114501953
0.0009987354278564453
0.0019986629486083984
0.0009982585906982422
0.001998424530029297
0.0009987354278564453
0.001998424530029297
0.0009982585906982422
0.0019981861114501953
0.0009987354278564453
0.0009999275207519531
0.0019974708557128906
0.0019981861114501953
0.0009984970092773438
0.0019979476928710938
0.00099945068359375
0.001997232437133789
0.0009989738464355469
0.0009996891021728516
0.0019969940185546875
0.0009996891021728516
0.0019974708557128906
0.0019991397857666016
0.0019969940185546875
0.0009989738464355469
0.0019981861114501953
0.0009987354278564453
0.0019979476928710938
0.0009992122650146484
0.001997709274291992
0.00099945068359375
0.0009987354278564453
0.00099945068359375
0.001997709274291992
0.0009987354278564453
0.0019979476928710938
0.0009989738464355469
0.0009992122650146484
0.0019979476928710938
0.0019981861114501953
0.0009987354278564453
0.0009992122650146484
0.0009992122650146484
0.001997709274291992
0.0009992122650146484
0.0019974708557128906
0.0009992122650146484
0.0019986629486083984
0.0009980201721191406
0.0019979476928710938
0.0009992122650146484
0.0019979476928710938
0.0009989738464355469
0.0019986629486083984
0.0009982585906982422
0.001998424530029297
0.0009984970092773438
0.0019979476928710938
0.0009992122650146484
0.0019979476928710938
0.0009987354278564453
0.001998424530029297
0.0009984970092773438
0.001998424530029297
0.0009984970092773438
0.0019981861114501953
0.0009989738464355469
0.0019981861114501953
0.0009989738464355469
0.0009989738464355469
0.0009992122650146484
0.0019974708557128906
0.0009989738464355469
0.0019979476928710938
0.0009989738464355469
0.0019981861114501953
0.0009984970092773438
0.0019986629486083984
0.0009989738464355469
0.0019979476928710938
0.0009982585906982422
0.00099945068359375
0.001997709274291992
0.0009992122650146484
0.001998424530029297
0.0009984970092773438
0.001997709274291992
0.0009992122650146484
0.0019981861114501953
0.0009984970092773438
0.001998424530029297
0.0009987354278564453
0.0019979476928710938
0.0019979476928710938
0.0009989738464355469
0.0019979476928710938
0.0009989738464355469
0.0009989738464355469
0.0019979476928710938
0.0009989738464355469
0.0019986629486083984
0.000997781753540039
0.001998424530029297
0.0019981861114501953
0.0009987354278564453
0.0019986629486083984
0.0009984970092773438
0.0019974708557128906
0.0009996891021728516
0.001997232437133789
0.00099945068359375
0.0019979476928710938
0.0019981861114501953
0.0009989738464355469
0.0019974708557128906
0.0009987354278564453
0.0019986629486083984
0.0009989738464355469
0.0019974708557128906
0.0009989738464355469
0.001998424530029297
0.0009984970092773438
0.0019991397857666016
0.000997781753540039
0.0019986629486083984
0.0009982585906982422
0.0009987354278564453
0.001998424530029297
0.0009989738464355469
0.001997709274291992
0.00099945068359375
0.0019974708557128906
0.0009989738464355469
0.0019991397857666016
0.0009984970092773438
0.0019974708557128906
0.00099945068359375
0.0009996891021728516
0.001997232437133789
0.0009996891021728516
0.0019965171813964844
0.0010001659393310547
0.0019979476928710938
0.002997875213623047
0.0009975433349609375
0.001997232437133789
0.0009989738464355469
0.0019986629486083984
0.00099945068359375
0.001997232437133789
0.0009987354278564453
0.0019979476928710938
0.0009992122650146484
0.0019989013671875
0.000997781753540039
0.001997709274291992
0.0009996891021728516
0.001997709274291992
0.0009987354278564453
0.0019981861114501953
0.00099945068359375
0.0019979476928710938
0.0009984970092773438
0.0019981861114501953
0.0009992122650146484
0.0019979476928710938
0.0009992122650146484
0.0019974708557128906
0.0009984970092773438
0.0019979476928710938
0.0010302066802978516
0.0019674301147460938
0.0009989738464355469
0.001997709274291992
0.00099945068359375
0.001997232437133789
0.0009989738464355469
0.0019979476928710938
0.0009984970092773438
0.0009999275207519531
0.0019974708557128906
0.0009996891021728516
0.0019979476928710938
0.0009984970092773438
0.0019979476928710938
0.0009987354278564453
0.0019979476928710938
0.0009992122650146484
0.0019986629486083984
0.0009987354278564453
0.0019979476928710938
0.0009984970092773438
0.0019986629486083984
0.0009984970092773438
0.0019979476928710938
0.001997709274291992
0.0009987354278564453
0.0019981861114501953
0.0009989738464355469
0.00099945068359375
0.001997232437133789
0.0009992122650146484
0.00099945068359375
0.001997709274291992
0.0009992122650146484
0.0019979476928710938
0.0009989738464355469
0.0009982585906982422
0.0019981861114501953
0.00099945068359375
0.001997709274291992
0.0009992122650146484
0.0009980201721191406
0.0019986629486083984
0.0009992122650146484
0.0009987354278564453
0.001998424530029297
0.0009987354278564453
0.0019981861114501953
0.0009982585906982422
0.0019979476928710938
0.0009987354278564453
0.0009999275207519531
0.001997709274291992
0.0009982585906982422
0.00099945068359375
0.0019979476928710938
0.0009989738464355469
0.0019979476928710938
0.0009992122650146484
0.0009992122650146484
0.0019981861114501953
0.0009980201721191406
0.0019986629486083984
0.0009984970092773438
0.0009992122650146484
0.0019981861114501953
0.0009989738464355469
0.0019979476928710938
0.001997709274291992
0.0019979476928710938
0.0009992122650146484
0.0019986629486083984
0.001997232437133789
0.0009989738464355469
0.001998424530029297
0.0019969940185546875
0.0009992122650146484
0.0019979476928710938
0.0019979476928710938
0.0009992122650146484
0.0019979476928710938
0.0009987354278564453
0.0019981861114501953
0.0019991397857666016
0.0009980201721191406
0.0019981861114501953
0.0019974708557128906
0.00099945068359375
0.0019979476928710938
0.0009984970092773438
0.0019979476928710938
0.0019981861114501953
0.0009987354278564453
0.0019986629486083984
0.0009980201721191406
0.001998424530029297
0.0009989738464355469
0.0009989738464355469
0.0009989738464355469
0.0009984970092773438
0.0019979476928710938
0.0009996891021728516
0.0009982585906982422
0.0019986629486083984
0.0009984970092773438
0.0019991397857666016
0.0009982585906982422
0.0009989738464355469
0.0020017623901367188
0.0009951591491699219
0.0019981861114501953
0.0009989738464355469
0.0009987354278564453
0.0019974708557128906
0.0009996891021728516
0.001997709274291992
0.0009987354278564453
0.001997709274291992
0.0009989738464355469
0.0009996891021728516
0.0019974708557128906
0.0009987354278564453
0.00099945068359375
0.0019974708557128906
0.0009989738464355469
0.0009992122650146484
0.0019979476928710938
0.0009989738464355469
0.0019989013671875
0.0009980201721191406
0.0009996891021728516
0.001997232437133789
0.0009989738464355469
0.00099945068359375
0.001997709274291992
0.0009987354278564453
0.001998424530029297
0.0009987354278564453
0.0009996891021728516
0.001996755599975586
0.0009996891021728516
0.0019979476928710938
0.0009987354278564453
0.00099945068359375
0.001997709274291992
0.0009984970092773438
0.0009989738464355469
0.0019986629486083984
0.0009987354278564453
0.001997709274291992
0.0009987354278564453
0.0009992122650146484
0.0019979476928710938
0.0009992122650146484
0.001997709274291992
0.0009987354278564453
0.0009999275207519531
0.0019979476928710938
0.0009984970092773438
0.001997709274291992
0.0009992122650146484
0.00099945068359375
0.0019969940185546875
0.0009996891021728516
0.0019979476928710938
0.0009987354278564453
0.0019979476928710938
0.0009984970092773438
0.0019989013671875
0.0009980201721191406
0.0019989013671875
0.0009982585906982422
0.0009999275207519531
0.001996755599975586
0.0009996891021728516
0.0009984970092773438
0.001998424530029297
0.0009987354278564453
0.0019981861114501953
0.0009987354278564453
0.0009992122650146484
0.0019979476928710938
0.0009989738464355469
0.0019981861114501953
0.0009987354278564453
0.0009989738464355469
0.0019981861114501953
0.0009996891021728516
0.001997232437133789
0.0009987354278564453
0.0019981861114501953
0.0009982585906982422
0.0019989013671875
0.0019979476928710938
0.0019979476928710938
0.0019981861114501953
0.0009982585906982422
0.001998424530029297
0.0019979476928710938
0.0019981861114501953
0.0019979476928710938
0.0019974708557128906
0.0019989013671875
0.0019969940185546875
0.0009989738464355469
0.0019981861114501953
0.001997709274291992
0.0019991397857666016
0.0019974708557128906
0.0019979476928710938
0.001997709274291992
0.0019979476928710938
0.001997709274291992
0.001998424530029297
0.0019974708557128906
0.0009989738464355469
0.001997709274291992
0.0019981861114501953
0.0019974708557128906
0.0019986629486083984
0.0009992122650146484
0.001997232437133789
0.0019981861114501953
0.0019979476928710938
0.0009992122650146484
0.0019974708557128906
0.001997709274291992
0.0009989738464355469
0.0019979476928710938
0.0009987354278564453
0.0009992122650146484
0.0019979476928710938
0.001998424530029297
0.0019974708557128906
0.0009987354278564453
0.0019979476928710938
0.0009992122650146484
0.0019981861114501953
0.0009992122650146484
0.001997709274291992
0.0009989738464355469
0.001997709274291992
0.0019991397857666016
0.0019969940185546875
0.0019981861114501953
0.0019981861114501953
0.0009989738464355469
0.001997709274291992
0.0009989738464355469
0.0019979476928710938
0.0009992122650146484
0.0009982585906982422
0.0019986629486083984
0.0029969215393066406
0.001997709274291992
0.0009989738464355469
0.001997709274291992
0.0009989738464355469
0.0019979476928710938
0.00099945068359375
0.0019981861114501953
0.0009987354278564453
0.0019981861114501953
0.001997709274291992
0.0019981861114501953
0.0009987354278564453
0.001997709274291992
0.0009989738464355469
0.0019986629486083984
0.0009980201721191406
0.0019981861114501953
0.0009996891021728516
0.001997709274291992
0.0019979476928710938
0.0009984970092773438
0.001998424530029297
0.0019974708557128906
0.0009996891021728516
0.0019981861114501953
0.0009987354278564453
0.0019979476928710938
0.0009987354278564453
0.0019979476928710938
0.0009987354278564453
0.0019986629486083984
0.0009982585906982422
0.0019979476928710938
0.0009987354278564453
0.0009996891021728516
0.0019974708557128906
0.0009989738464355469
0.0019979476928710938
0.0009989738464355469
0.0009992122650146484
0.0019981861114501953
0.0019974708557128906
0.0009987354278564453
0.001997709274291992
0.0009992122650146484
0.0009996891021728516
0.001997232437133789
0.0009992122650146484
0.0009984970092773438
0.0019986629486083984
0.00099945068359375
0.001997232437133789
0.0009992122650146484
0.0019986629486083984
0.0009984970092773438
0.0019974708557128906
0.0009992122650146484
0.0009984970092773438
0.0019989013671875
0.0009989738464355469
0.0019974708557128906
0.0019981861114501953
0.0009987354278564453
0.00099945068359375
0.0019979476928710938
0.0009980201721191406
0.001998424530029297
0.0009989738464355469
0.0009992122650146484
0.0019981861114501953
0.0009987354278564453
0.0019981861114501953
0.001998424530029297
0.0019969940185546875
0.001998424530029297
0.0009992122650146484
0.0019974708557128906
0.0019979476928710938
0.0019986629486083984
0.0009982585906982422
0.0019981861114501953
0.0019979476928710938
0.001997709274291992
0.0009999275207519531
0.001997232437133789
0.0019981861114501953
0.001997709274291992
0.0019979476928710938
0.0019974708557128906
0.0019989013671875
0.0009982585906982422
0.0019981861114501953
0.001997709274291992
0.0019989013671875
0.0009984970092773438
0.002996683120727539
0.0009989738464355469
0.001997709274291992
0.0019986629486083984
0.0009982585906982422
0.001998424530029297
0.001998424530029297
0.001997709274291992
0.0019979476928710938
0.0009987354278564453
0.0009987354278564453
0.001997709274291992
0.0019981861114501953
0.001997709274291992
0.0009987354278564453
0.0019989013671875
0.0019974708557128906
0.001998424530029297
0.0019974708557128906
0.0019979476928710938
0.0019981861114501953
0.0019979476928710938
0.001998424530029297
0.0009982585906982422
0.0019981861114501953
0.003996372222900391
0.001997232437133789
0.0019986629486083984
0.001997709274291992
0.001997709274291992
0.001998424530029297
0.0009984970092773438
0.0019979476928710938
0.0019981861114501953
0.0019979476928710938
0.001997709274291992
0.001997709274291992
0.001998424530029297
0.001997709274291992
0.0019979476928710938
0.0019986629486083984
0.0009984970092773438
0.002997159957885742
0.0019974708557128906
0.0019979476928710938
0.0009992122650146484
0.0019974708557128906
0.0019981861114501953
0.0019981861114501953
0.0019981861114501953
0.002017498016357422
0.0019783973693847656
0.001997709274291992
0.0009987354278564453
0.001998424530029297
0.0019974708557128906
0.0019989013671875
0.001997232437133789
0.0019981861114501953
0.0009989738464355469
0.0019981861114501953
0.001997232437133789
0.0019979476928710938
0.0009992122650146484
0.0019979476928710938
0.0009989738464355469
0.0019974708557128906
0.0019981861114501953
0.0009989738464355469
0.001997709274291992
0.0009992122650146484
0.0019979476928710938
0.0009987354278564453
0.0019981861114501953
0.0009987354278564453
0.0009996891021728516
0.0019979476928710938
0.0009989738464355469
0.0019979476928710938
0.001997709274291992
0.0009992122650146484
0.0019979476928710938
0.0019979476928710938
0.0009987354278564453
0.001998424530029297
0.0019981861114501953
0.0009984970092773438
0.0019974708557128906
0.0009989738464355469
0.0009989738464355469
0.0019979476928710938
0.00099945068359375
0.0019974708557128906
0.0009987354278564453
0.00099945068359375
0.001997709274291992
0.0009996891021728516
0.0019979476928710938
0.0019979476928710938
0.0009984970092773438
0.0019981861114501953
0.0009987354278564453
0.0009989738464355469
0.001998424530029297
0.0009987354278564453
0.0009987354278564453
0.0019986629486083984
0.0009984970092773438
0.001997232437133789
0.00099945068359375
0.0019981861114501953
0.0009989738464355469
0.0019974708557128906
0.0009987354278564453
0.0009992122650146484
0.001998424530029297
0.0009982585906982422
0.001998424530029297
0.0009999275207519531
0.0009982585906982422
0.0019979476928710938
0.0009992122650146484
0.0019981861114501953
0.0009980201721191406
0.0009996891021728516
0.0019979476928710938
0.0009989738464355469
0.0019979476928710938
0.0009982585906982422
0.00099945068359375
0.0019986629486083984
0.0009982585906982422
0.001998424530029297
0.0009992122650146484
0.001997232437133789
0.00099945068359375
0.0009987354278564453
0.0019979476928710938
0.0009984970092773438
0.0010004043579101562
0.001996278762817383
0.0009999275207519531
0.0019974708557128906
0.0009984970092773438
0.0009996891021728516
0.001998424530029297
0.0009992122650146484
0.0019974708557128906
0.0009989738464355469
0.0019979476928710938
0.0009987354278564453
0.001998424530029297
0.0009980201721191406
0.001998424530029297
0.0009989738464355469
0.0009989738464355469
0.0019981861114501953
0.0009984970092773438
0.0019989013671875
0.0009984970092773438
0.0009989738464355469
0.0019979476928710938
0.0009984970092773438
0.0019991397857666016
0.0009980201721191406
0.0009992122650146484
0.0019981861114501953
0.0009989738464355469
0.0019974708557128906
0.0009989738464355469
0.0009992122650146484
0.0019979476928710938
0.001998424530029297
0.0009982585906982422
0.0019989013671875
0.001997232437133789
0.001998424530029297
0.0009987354278564453
0.0019981861114501953
0.0019979476928710938
0.0019981861114501953
0.001997232437133789
0.0009992122650146484
0.0019986629486083984
0.001997232437133789
0.0019979476928710938
0.0009989738464355469
0.0019979476928710938
0.0019981861114501953
0.00099945068359375
0.001997232437133789
0.0019981861114501953
0.0019979476928710938
0.0009987354278564453
0.001997709274291992
0.0019981861114501953
0.0009992122650146484
0.0019979476928710938
0.001998424530029297
0.0019974708557128906
0.0009992122650146484
0.0019974708557128906
0.0019981861114501953
0.0019974708557128906
0.0019981861114501953
0.0009992122650146484
0.001997709274291992
0.0019979476928710938
0.0009992122650146484
0.0019979476928710938
0.0009989738464355469
0.001997709274291992
0.0009992122650146484
0.0019981861114501953
0.0009982585906982422
0.0009992122650146484
0.0019979476928710938
0.0009989738464355469
0.0019986629486083984
0.0009989738464355469
0.001997709274291992
0.0009989738464355469
0.0019974708557128906
0.0009992122650146484
0.001997709274291992
0.0009992122650146484
0.001998424530029297
0.0009982585906982422
0.001998424530029297
0.001997709274291992
0.0009989738464355469
0.0009987354278564453
0.001998424530029297
0.0009982585906982422
0.0019986629486083984
0.0009984970092773438
0.0019986629486083984
0.0019974708557128906
0.0009984970092773438
0.0019981861114501953
0.001997709274291992
0.0009987354278564453
0.0019986629486083984
0.00099945068359375
0.0019979476928710938
0.0009984970092773438
0.001997709274291992
0.0019981861114501953
0.0009989738464355469
0.001997709274291992
0.0009987354278564453
0.0009996891021728516
0.001997232437133789
0.0009992122650146484
0.0019979476928710938
0.0009989738464355469
0.0019986629486083984
0.001997709274291992
0.0009987354278564453
0.0019979476928710938
0.0009992122650146484
0.0019979476928710938
0.0009989738464355469
0.001997709274291992
0.00099945068359375
0.001997709274291992
0.0009984970092773438
0.0019981861114501953
0.0009984970092773438
0.001998424530029297
0.0009992122650146484
0.0019981861114501953
0.0009984970092773438
0.00099945068359375
0.0019974708557128906
0.0009992122650146484
0.0019979476928710938
0.0019981861114501953
0.0009984970092773438
0.0019989013671875
0.001997232437133789
0.0009987354278564453
0.0009992122650146484
0.001997709274291992
0.0009989738464355469
0.001998424530029297
0.0009989738464355469
0.0019981861114501953
0.0009989738464355469
0.001997232437133789
0.0009999275207519531
0.0019969940185546875
0.0009996891021728516
0.0019969940185546875
0.0009989738464355469
0.0009989738464355469
0.001998424530029297
0.0009987354278564453
0.001998424530029297
0.0009989738464355469
0.0019981861114501953
0.0009987354278564453
0.0019979476928710938
0.0009987354278564453
0.00099945068359375
0.001997232437133789
0.0010001659393310547
0.001996755599975586
0.0019986629486083984
0.0009989738464355469
0.0020012855529785156
0.0009953975677490234
0.0019981861114501953
0.0009984970092773438
0.0019979476928710938
0.0009989738464355469
0.0009996891021728516
0.0019979476928710938
0.0019981861114501953
0.0009984970092773438
0.001997709274291992
0.0009987354278564453
0.0019986629486083984
0.0019981861114501953
0.0009982585906982422
0.001997709274291992
0.0009996891021728516
0.001997232437133789
0.001999378204345703
0.0009989738464355469
0.001997232437133789
0.0009989738464355469
0.0019974708557128906
0.0019991397857666016
0.0009989738464355469
0.001996755599975586
0.0009987354278564453
0.0019986629486083984
0.0009984970092773438
0.001997709274291992
0.0009992122650146484
0.0009989738464355469
0.0009982585906982422
0.00099945068359375
0.0019979476928710938
0.0009989738464355469
0.001998424530029297
0.0009987354278564453
0.0019979476928710938
0.0009987354278564453
0.0019981861114501953
0.0009987354278564453
0.00099945068359375
0.0019974708557128906
0.0019986629486083984
0.0019981861114501953
0.0009987354278564453
0.0019974708557128906
0.0009992122650146484
0.001997709274291992
0.0009996891021728516
0.001997709274291992
0.0009982585906982422
0.0019979476928710938
0.0009992122650146484
0.001997709274291992
0.0009992122650146484
0.0019986629486083984
0.0019979476928710938
0.0009984970092773438
0.001997709274291992
0.00099945068359375
0.0019981861114501953
0.0009982585906982422
0.0019979476928710938
0.0009992122650146484
0.0019981861114501953
0.0019981861114501953
0.00099945068359375
0.001996755599975586
0.00099945068359375
0.0019974708557128906
0.0009989738464355469
0.0009996891021728516
0.001997232437133789
0.0009989738464355469
0.0019979476928710938
0.0009987354278564453
0.001998424530029297
0.0009984970092773438
0.0019986629486083984
0.0009987354278564453
0.001998424530029297
0.0009980201721191406
0.0019986629486083984
0.0009982585906982422
0.0009992122650146484
0.001997709274291992
0.00099945068359375
0.0019981861114501953
0.0009987354278564453
0.0019981861114501953
0.0009989738464355469
0.0019981861114501953
0.0009989738464355469
0.0009984970092773438
0.0019986629486083984
0.0009980201721191406
0.0019998550415039062
0.000997781753540039
0.0019974708557128906
0.0009992122650146484
0.0019979476928710938
0.0009987354278564453
0.0019986629486083984
0.0009987354278564453
0.0009987354278564453
0.0019981861114501953
0.0009987354278564453
0.0019979476928710938
0.0019986629486083984
0.0009982585906982422
0.0019989013671875
0.0009984970092773438
0.001997232437133789
0.0009996891021728516
0.001998424530029297
0.0009987354278564453
0.001997709274291992
0.0019981861114501953
0.0009984970092773438
0.0019979476928710938
0.0009987354278564453
0.001998424530029297
0.0019979476928710938
0.0009987354278564453
0.0019974708557128906
0.0009989738464355469
0.0009996891021728516
0.001997232437133789
0.0009999275207519531
0.0019981861114501953
0.0009987354278564453
0.001997232437133789
0.0009996891021728516
0.0019969940185546875
0.0019991397857666016
0.0009989738464355469
0.0019969940185546875
0.0009992122650146484
