2.0309247970581055
2.0179390907287598
2.0309231281280518
2.0129435062408447
2.015939474105835
2.0149543285369873
2.027914524078369
2.034921169281006
2.019935369491577
2.00994610786438
2.014941453933716
2.0239312648773193
2.0149409770965576
2.022933006286621
2.0059502124786377
2.0379178524017334
2.0089468955993652
2.0199358463287354
2.05190372467041
2.0439109802246094
2.0269293785095215
2.015939235687256
2.0269415378570557
2.027914524078369
2.0219342708587646
2.025930166244507
2.036918878555298
2.02193284034729
2.022932529449463
2.0379183292388916
2.0169389247894287
2.0329349040985107
2.0319108963012695
2.026928663253784
2.0319249629974365
2.0439107418060303
2.0109450817108154
2.0359325408935547
2.0219202041625977
2.023933172225952
2.030923843383789
2.0199480056762695
2.0349080562591553
2.0469210147857666
2.030912160873413
2.0329227447509766
2.022932529449463
2.031923294067383
2.030924081802368
2.045909881591797
2.056898355484009
2.0439114570617676
2.0349204540252686
2.031923770904541
2.0289273262023926
2.033921480178833
2.0239312648773193
2.0449109077453613
2.0349197387695312
2.0229454040527344
2.020922899246216
2.022932529449463
2.0239315032958984
2.0349206924438477
2.0209343433380127
2.036919116973877
2.0309245586395264
2.018937587738037
2.028926134109497
2.0139429569244385
2.029925584793091
2.0189366340637207
2.0149407386779785
2.025930643081665
2.0189368724823
2.0389156341552734
2.0449094772338867
2.023932933807373
2.0169384479522705
2.0349202156066895
2.0159475803375244
2.030917167663574
2.014953374862671
2.031911849975586
2.0219340324401855
